obj fern
mesh fern
matrix 0.486617 0.000000 0.000000 0.000000 0.000000 0.486617 0.000000 0.000000 0.000000 0.000000 0.486617 0.000000 -3185.040039 -0.008811 -13.228056 1.000000
obj fern.001
mesh fern
matrix 0.486617 0.000000 0.000000 0.000000 0.000000 0.486617 0.000000 0.000000 0.000000 0.000000 0.486617 0.000000 -3175.986572 -0.008811 -17.916470 1.000000
obj fern.002
mesh fern
matrix 0.486617 0.000000 0.000000 0.000000 0.000000 0.486617 0.000000 0.000000 0.000000 0.000000 0.486617 0.000000 -3154.322754 2.177552 -24.544916 1.000000
obj fern.003
mesh fern
matrix 0.486617 0.000000 0.000000 0.000000 0.000000 0.486617 0.000000 0.000000 0.000000 0.000000 0.486617 0.000000 -3135.892334 -0.008812 -16.138105 1.000000
obj fern.004
mesh fern
matrix 0.673858 0.000000 0.000000 0.000000 0.000000 0.673858 0.000000 0.000000 0.000000 0.000000 0.673858 0.000000 -3161.436035 -0.008812 17.489138 1.000000
obj fern.005
mesh fern
matrix 0.450726 0.000000 0.183418 0.000000 0.000000 0.486617 0.000000 0.000000 -0.183418 0.000000 0.450726 0.000000 -3143.652344 1.129276 24.764263 1.000000
obj fern.006
mesh fern
matrix 0.442474 0.000000 -0.202514 0.000000 0.000000 0.486617 0.000000 0.000000 0.202514 0.000000 0.442474 0.000000 -3121.665283 4.441084 28.523943 1.000000
obj fern.007
mesh fern
matrix 0.673858 0.000000 0.000000 0.000000 0.000000 0.673858 0.000000 0.000000 0.000000 0.000000 0.673858 0.000000 -3095.151611 1.912610 -21.634867 1.000000
obj fern.008
mesh fern
matrix 0.138602 0.000000 0.466460 0.000000 0.000000 0.486617 0.000000 0.000000 -0.466460 0.000000 0.138602 0.000000 -3097.091553 -0.008812 16.357450 1.000000
obj fern.009
mesh fern
matrix 0.673858 0.000000 0.000000 0.000000 0.000000 0.673858 0.000000 0.000000 0.000000 0.000000 0.673858 0.000000 -3051.824219 0.362250 -21.796535 1.000000
obj fern.010
mesh fern
matrix 0.420684 0.000000 0.244583 0.000000 0.000000 0.486617 0.000000 0.000000 -0.244583 0.000000 0.420684 0.000000 -3046.974121 3.768433 -28.909990 1.000000
obj fern.011
mesh fern
matrix 0.420684 0.000000 0.244583 0.000000 0.000000 0.486617 0.000000 0.000000 -0.244583 0.000000 0.420684 0.000000 -3029.837158 -0.082128 13.932410 1.000000
obj fern.012
mesh fern
matrix 0.420684 0.000000 0.244583 0.000000 0.000000 0.486617 0.000000 0.000000 -0.244583 0.000000 0.420684 0.000000 -3006.395020 -0.082128 -21.634865 1.000000
obj fern.013
mesh fern
matrix 0.058509 0.000000 0.483086 0.000000 0.000000 0.486617 0.000000 0.000000 -0.483086 0.000000 0.058509 0.000000 -3003.161621 -1.237104 -20.503180 1.000000
obj fern.014
mesh fern
matrix 0.673858 0.000000 0.000000 0.000000 0.000000 0.673858 0.000000 0.000000 0.000000 0.000000 0.673858 0.000000 -2981.982910 2.911406 19.429173 1.000000
obj fern.015
mesh fern
matrix 0.567332 0.000000 0.000000 0.000000 0.000000 0.567332 0.000000 0.000000 0.000000 0.000000 0.567332 0.000000 -2946.577393 1.052285 -0.456168 1.000000
obj fern.016
mesh fern
matrix 0.567332 0.000000 0.000000 0.000000 0.000000 0.567332 0.000000 0.000000 0.000000 0.000000 0.567332 0.000000 -2930.879883 2.494172 -40.795773 1.000000
obj fern.017
mesh fern
matrix 0.567332 0.000000 0.000000 0.000000 0.000000 0.567332 0.000000 0.000000 0.000000 0.000000 0.567332 0.000000 -2934.290527 -0.128905 -34.083412 1.000000
obj fern.018
mesh fern
matrix 0.567332 0.000000 0.000000 0.000000 0.000000 0.567332 0.000000 0.000000 0.000000 0.000000 0.567332 0.000000 -2888.845947 2.494172 6.896709 1.000000
obj fern.019
mesh fern
matrix 0.567332 0.000000 0.000000 0.000000 0.000000 0.567332 0.000000 0.000000 0.000000 0.000000 0.567332 0.000000 -2878.984131 0.462673 -0.863424 1.000000
obj fern.020
mesh fern
matrix 0.587779 0.000000 0.426278 0.000000 0.000000 0.726083 0.000000 0.000000 -0.426278 0.000000 0.587779 0.000000 -2857.659180 1.346789 -50.088680 1.000000
obj fern.021
mesh fern
matrix 0.451855 0.000000 0.327701 0.000000 0.000000 0.558177 0.000000 0.000000 -0.327701 0.000000 0.451856 0.000000 -2789.272949 1.346788 -31.658365 1.000000
obj fern.022
mesh fern
matrix 0.451855 0.000000 0.327701 0.000000 0.000000 0.558177 0.000000 0.000000 -0.327701 0.000000 0.451856 0.000000 -2762.112549 1.346789 -38.771816 1.000000
obj fern.023
mesh fern
matrix 0.451855 0.000000 0.327701 0.000000 0.000000 0.558177 0.000000 0.000000 -0.327701 0.000000 0.451856 0.000000 -2720.563477 0.215110 -104.571281 1.000000
obj fern.024
mesh fern
matrix 0.451855 0.000000 0.327701 0.000000 0.000000 0.558177 0.000000 0.000000 -0.327701 0.000000 0.451856 0.000000 -2718.300049 0.215110 -63.507244 1.000000
obj fern.025
mesh fern
matrix 0.194941 0.000000 0.523029 0.000000 0.000000 0.558177 0.000000 0.000000 -0.523029 0.000000 0.194941 0.000000 -2679.014404 2.823768 -121.708237 1.000000
obj fern.026
mesh fern
matrix 0.018842 0.000000 0.557859 0.000000 0.000000 0.558177 0.000000 0.000000 -0.557859 0.000000 0.018842 0.000000 -2674.325928 -1.159787 -114.271446 1.000000
obj fern.027
mesh fern
matrix 0.035871 0.000000 1.062015 0.000000 0.000000 1.062621 0.000000 0.000000 -1.062015 0.000000 0.035871 0.000000 -2660.099121 -1.159787 -79.027512 1.000000
obj fern.028
mesh fern
matrix 0.026968 0.000000 0.798418 0.000000 0.000000 0.798874 0.000000 0.000000 -0.798419 0.000000 0.026968 0.000000 -2604.808105 -1.159787 -122.354919 1.000000
obj fern.029
mesh fern
matrix 0.018842 0.000000 0.557859 0.000000 0.000000 0.558177 0.000000 0.000000 -0.557859 0.000000 0.018842 0.000000 -2589.126221 -1.159787 -84.200928 1.000000
obj fern.030
mesh fern
matrix 0.026968 0.000000 0.798418 0.000000 0.000000 0.798874 0.000000 0.000000 -0.798419 0.000000 0.026968 0.000000 -2523.488281 0.944057 -115.403137 1.000000
obj fern.031
mesh fern
matrix 0.026968 0.000000 0.798418 0.000000 0.000000 0.798874 0.000000 0.000000 -0.798419 0.000000 0.026968 0.000000 -2515.969971 0.455070 -66.370209 1.000000
obj fern.032
mesh fern
matrix 0.026968 0.000000 0.798418 0.000000 0.000000 0.798874 0.000000 0.000000 -0.798419 0.000000 0.026968 0.000000 -2393.943359 -1.287967 -50.614033 1.000000
obj fern.033
mesh fern
matrix 0.026968 0.000000 0.798418 0.000000 0.000000 0.798874 0.000000 0.000000 -0.798419 0.000000 0.026968 0.000000 -2391.596680 -1.758528 -5.692169 1.000000
obj fern.034
mesh fern
matrix 0.030127 0.000000 0.891952 0.000000 0.000000 0.892461 0.000000 0.000000 -0.891952 0.000000 0.030127 0.000000 -2299.518799 -1.287967 33.962452 1.000000
obj fern.035
mesh fern
matrix 0.030127 0.000000 0.891952 0.000000 0.000000 0.892461 0.000000 0.000000 -0.891952 0.000000 0.030127 0.000000 -2233.905762 -5.021781 -8.296318 1.000000
obj fern.036
mesh fern
matrix 0.038688 0.000000 1.145423 0.000000 0.000000 1.146076 0.000000 0.000000 -1.145424 0.000000 0.038688 0.000000 -2170.345459 -6.792460 54.861729 1.000000
obj leaves1
mesh leaves1
matrix 1.000000 0.000000 0.000000 0.000000 0.000000 1.000000 0.000000 0.000000 0.000000 0.000000 1.000000 0.000000 -3170.173828 7.095669 -17.319675 1.000000
obj leaves1.001
mesh leaves1
matrix 0.955539 0.000000 -0.294864 0.000000 0.000000 1.000000 0.000000 0.000000 0.294864 0.000000 0.955539 0.000000 -3122.470947 3.963134 16.731419 1.000000
obj leaves1.002
mesh leaves1
matrix 0.294371 0.000000 0.955691 0.000000 0.000000 1.000000 0.000000 0.000000 -0.955691 0.000000 0.294371 0.000000 -3074.743408 5.516176 -20.706903 1.000000
obj leaves1.003
mesh leaves1
matrix 1.000000 0.000000 0.000000 0.000000 0.000000 1.000000 0.000000 0.000000 0.000000 0.000000 1.000000 0.000000 -3067.186768 3.963134 10.538916 1.000000
obj leaves1.004
mesh leaves1
matrix 0.549963 0.000000 0.835189 0.000000 0.000000 1.000000 0.000000 0.000000 -0.835189 0.000000 0.549963 0.000000 -3039.424316 3.963134 19.027491 1.000000
obj leaves1.005
mesh leaves1
matrix 0.005475 0.000000 0.999985 0.000000 0.000000 1.000000 0.000000 0.000000 -0.999985 0.000000 0.005475 0.000000 -2953.864014 3.963134 -29.890303 1.000000
obj leaves1.006
mesh leaves1
matrix 1.000000 0.000000 0.000000 0.000000 0.000000 1.000000 0.000000 0.000000 0.000000 0.000000 1.000000 0.000000 -2935.139160 3.963134 3.330017 1.000000
obj leaves1.007
mesh leaves1
matrix 1.000000 0.000000 0.000000 0.000000 0.000000 1.000000 0.000000 0.000000 0.000000 0.000000 1.000000 0.000000 -2859.088135 1.560383 -9.375137 1.000000
obj leaves1.008
mesh leaves1
matrix 1.000000 0.000000 0.000000 0.000000 0.000000 1.000000 0.000000 0.000000 0.000000 0.000000 1.000000 0.000000 -2827.172119 3.963134 -60.440895 1.000000
obj leaves1.009
mesh leaves1
matrix 0.922155 0.000000 0.386821 0.000000 0.000000 1.000000 0.000000 0.000000 -0.386821 0.000000 0.922155 0.000000 -2779.658203 3.963134 -80.925957 1.000000
obj leaves1.010
mesh leaves1
matrix 1.000000 0.000000 0.000000 0.000000 0.000000 1.000000 0.000000 0.000000 0.000000 0.000000 1.000000 0.000000 -2744.156494 3.963134 -99.932358 1.000000
obj leaves1.011
mesh leaves1
matrix 1.000000 0.000000 0.000000 0.000000 0.000000 1.000000 0.000000 0.000000 0.000000 0.000000 1.000000 0.000000 -2730.458496 10.177994 -43.822956 1.000000
obj leaves1.012
mesh leaves1
matrix 0.893005 0.000000 -0.450047 0.000000 0.000000 1.000000 0.000000 0.000000 0.450047 0.000000 0.893005 0.000000 -2676.254639 3.963134 -77.061012 1.000000
obj leaves1.013
mesh leaves1
matrix 1.000000 0.000000 0.000000 0.000000 0.000000 1.000000 0.000000 0.000000 0.000000 0.000000 1.000000 0.000000 -2616.658936 3.963134 -82.019501 1.000000
obj leaves1.014
mesh leaves1
matrix 1.000000 0.000000 0.000000 0.000000 0.000000 1.000000 0.000000 0.000000 0.000000 0.000000 1.000000 0.000000 -2623.508057 3.963134 -121.006317 1.000000
obj leaves1.015
mesh leaves1
matrix 1.321055 0.000000 0.000000 0.000000 0.000000 1.321055 0.000000 0.000000 0.000000 0.000000 1.321055 0.000000 -2278.577393 -6.141542 31.156588 1.000000
obj leaves1.016
mesh leaves1
matrix 1.321055 0.000000 0.000000 0.000000 0.000000 1.321055 0.000000 0.000000 0.000000 0.000000 1.321055 0.000000 -2200.132812 -6.141541 -0.690620 1.000000
obj rock1
mesh rock1
matrix -1.167637 0.000000 2.548905 0.000000 0.000000 2.803622 0.000000 0.000000 -2.548905 0.000000 -1.167637 0.000000 -3228.243896 -1.892423 -9.466721 1.000000
obj rock1.002.obstacle
mesh rock2
matrix -0.120371 0.000000 0.992729 0.000000 0.000000 1.000000 0.000000 0.000000 -0.992729 0.000000 -0.120371 0.000000 -3029.592041 -1.568671 2.474252 1.000000
obj rock1.003.obstacle
mesh rock2
matrix -1.288923 0.000000 2.813667 0.000000 0.000000 3.094841 0.000000 0.000000 -2.813667 0.000000 -1.288923 0.000000 -2946.698486 -1.590858 -0.610928 1.000000
obj rock1.003.obstacle.001
mesh rock2
matrix -0.628149 0.000000 1.371224 0.000000 0.000000 1.508253 0.000000 0.000000 -1.371224 0.000000 -0.628149 0.000000 -3067.813721 -1.892423 -6.704062 1.000000
obj rock1.003.obstacle.003
mesh rock2
matrix -2.013709 0.000000 -0.356711 0.000000 0.000000 2.045059 0.000000 0.000000 0.356711 0.000000 -2.013709 0.000000 -2910.745850 -1.558060 -32.953808 1.000000
obj rock1.003c.obstacle
mesh rock2
matrix -2.013709 0.000000 -0.356711 0.000000 0.000000 2.045059 0.000000 0.000000 0.356711 0.000000 -2.013709 0.000000 -2910.947266 -2.169259 -6.005575 1.000000
obj rock1.003d.obstacle
mesh rock2
matrix -1.071004 0.449892 -0.205778 0.000000 0.456896 1.087678 0.000000 0.000000 0.189719 -0.079695 -1.161659 0.000000 -2881.730713 -1.558060 -24.721970 1.000000
obj rock1.003i.obstacle
mesh rock2
matrix -1.740936 0.731308 2.791661 0.000000 1.305271 3.107299 0.000000 0.000000 -2.573800 1.081166 -1.888298 0.000000 -2546.625977 -1.832053 -81.579437 1.000000
obj rock1.003j.obstacle
mesh rock2
matrix -2.764058 1.161087 -0.531075 0.000000 1.179163 2.807090 0.000000 0.000000 0.489630 -0.205677 -2.998023 0.000000 -2463.205078 -1.558060 -55.492676 1.000000
obj rock1.003m.obstacle
mesh rock2
matrix -1.364042 0.572988 2.187296 0.000000 1.022693 2.434602 0.000000 0.000000 -2.016600 0.847105 -1.479501 0.000000 -2384.141113 -1.558062 -8.793026 1.000000
obj rock1.003n.obstacle
mesh rock2
matrix -1.364042 0.572988 2.187296 0.000000 1.022693 2.434602 0.000000 0.000000 -2.016600 0.847105 -1.479501 0.000000 -2257.706787 -13.372980 19.545713 1.000000
obj rock1.003p.obstacle
mesh rock2
matrix -1.528871 0.642227 0.054794 0.000000 0.642577 1.529706 0.000000 0.000000 -0.050518 0.021221 -1.658283 0.000000 -2114.559814 -11.476719 23.905519 1.000000
obj rock1.003q.obstacle
mesh rock2
matrix -1.528871 0.642227 0.054794 0.000000 0.642577 1.529706 0.000000 0.000000 -0.050518 0.021221 -1.658283 0.000000 -1999.009399 -12.325605 20.373411 1.000000
obj rock1.003r.obstacle
mesh rock2
matrix -0.427852 0.179726 -1.592968 0.000000 0.642577 1.529706 0.000000 0.000000 1.468653 -0.616931 -0.464068 0.000000 -1994.468140 -13.053222 20.373411 1.000000
obj rock1.003s.obstacle
mesh rock2
matrix -0.427852 0.179726 -1.592968 0.000000 0.642577 1.529706 0.000000 0.000000 1.468653 -0.616931 -0.464068 0.000000 -1934.422241 -13.538300 -3.342178 1.000000
obj rock1.004.obstacle
mesh rock3
matrix -0.120371 0.000000 0.992729 0.000000 0.000000 1.000000 0.000000 0.000000 -0.992729 0.000000 -0.120371 0.000000 -3071.306885 -1.568671 4.510103 1.000000
obj rock1.005.obstacle
mesh rock1
matrix -0.129566 0.000000 0.991571 0.000000 0.000000 1.000000 0.000000 0.000000 -0.991571 0.000000 -0.129566 0.000000 -3016.172363 -1.838465 -4.968461 1.000000
obj rock1.obstacle
mesh rock3
matrix -0.129566 0.000000 0.991571 0.000000 0.000000 1.000000 0.000000 0.000000 -0.991571 0.000000 -0.129566 0.000000 -3090.929443 -1.838465 0.666290 1.000000
obj rock1.obstacle.001
mesh rock3
matrix -0.129566 0.000000 0.991571 0.000000 0.000000 1.000000 0.000000 0.000000 -0.991571 0.000000 -0.129566 0.000000 -3091.252686 -1.838465 11.820410 1.000000
obj rock2.001
mesh rock2
matrix 1.238950 0.000000 -1.307808 0.000000 0.000000 1.801488 0.000000 0.000000 1.307808 0.000000 1.238950 0.000000 -3136.821533 -1.549476 -11.190024 1.000000
obj rock2.002.obstacle
mesh rock2
matrix 1.668234 0.000000 1.927951 0.000000 0.000000 2.549510 0.000000 0.000000 -1.927951 0.000000 1.668234 0.000000 -3116.886475 -1.720037 -12.229065 1.000000
obj rock2.003.obstacle
mesh rock2
matrix 1.425899 0.000000 1.497196 0.000000 0.000000 2.067555 0.000000 0.000000 -1.497196 0.000000 1.425899 0.000000 -3014.746338 -2.159274 10.183031 1.000000
obj rock2.004.obstacle
mesh rock3
matrix 0.687737 0.000000 -0.725960 0.000000 0.000000 1.000000 0.000000 0.000000 0.725960 0.000000 0.687737 0.000000 -3110.675049 -1.549476 6.358859 1.000000
obj rock2.005.obstacle
mesh rock2
matrix 1.916014 0.000000 2.214306 0.000000 0.000000 2.928183 0.000000 0.000000 -2.214306 0.000000 1.916014 0.000000 -3182.593994 -1.322731 12.908049 1.000000
obj rock2
mesh rock2
matrix 1.916014 0.000000 2.214306 0.000000 0.000000 2.928183 0.000000 0.000000 -2.214306 0.000000 1.916014 0.000000 -3226.435791 -1.322730 0.439291 1.000000
obj rock2.006.obstacle
mesh rock1
matrix 0.358804 0.000000 0.376745 0.000000 0.000000 0.520267 0.000000 0.000000 -0.376745 0.000000 0.358804 0.000000 -3110.732178 -1.181159 -0.436685 1.000000
obj rock2.007.obstacle
mesh rock1
matrix 0.427975 0.000000 0.903790 0.000000 0.000000 1.000000 0.000000 0.000000 -0.903790 0.000000 0.427975 0.000000 -3040.345215 -1.782569 -1.804646 1.000000
obj rock2.obstacle
mesh rock2
matrix 0.427975 0.000000 0.903790 0.000000 0.000000 1.000000 0.000000 0.000000 -0.903790 0.000000 0.427975 0.000000 -2982.749756 -1.782569 -14.345171 1.000000
obj rock3
mesh rock3
matrix 4.013865 0.000000 0.000000 0.000000 0.000000 2.793134 -2.882623 0.000000 0.000000 2.882623 2.793134 0.000000 -3228.149414 4.681223 11.153304 1.000000
obj rock3.001
mesh rock3
matrix 2.311862 0.000000 0.000000 0.000000 0.000000 2.311862 0.000000 0.000000 0.000000 0.000000 2.311862 0.000000 -3142.911133 2.433748 -16.984747 1.000000
obj rock3.001.obstacle
mesh rock1
matrix 2.550682 0.000000 0.000000 0.000000 0.000000 2.550682 0.000000 0.000000 0.000000 0.000000 2.550682 0.000000 -3141.579346 -1.928936 12.737601 1.000000
obj rock3.002.obstacle
mesh rock3
matrix 2.574301 0.000000 0.000000 0.000000 0.000000 2.574301 0.000000 0.000000 0.000000 0.000000 2.574301 0.000000 -3141.997314 -1.749068 -11.179810 1.000000
obj rock3.003.obstacle
mesh rock3
matrix 1.000000 0.000000 0.000000 0.000000 0.000000 1.000000 0.000000 0.000000 0.000000 0.000000 1.000000 0.000000 -3130.115479 -1.673527 8.073195 1.000000
obj rock3.003.obstacle.007
mesh rock1
matrix 1.542072 0.000000 -6.049275 0.000000 0.000000 6.242733 0.000000 0.000000 6.049275 0.000000 1.542072 0.000000 -2509.340332 -0.440787 -67.406509 1.000000
obj rock3.003b.obstacle
mesh rock3
matrix 1.000000 0.000000 0.000000 0.000000 0.000000 1.000000 0.000000 0.000000 0.000000 0.000000 1.000000 0.000000 -2936.389160 -2.054045 -22.051655 1.000000
obj rock3.003e.obstacle
mesh rock1
matrix 2.170585 0.000000 0.000000 0.000000 0.000000 2.170585 0.000000 0.000000 0.000000 0.000000 2.170585 0.000000 -2860.215332 -2.672955 -29.365892 1.000000
obj rock3.003f.obstacle
mesh rock3
matrix 2.170585 0.000000 0.000000 0.000000 0.000000 2.170585 0.000000 0.000000 0.000000 0.000000 2.170585 0.000000 -2745.661621 -2.672955 -60.454193 1.000000
obj rock3.003g.obstacle
mesh rock3
matrix 0.536175 0.000000 -2.103320 0.000000 0.000000 2.170585 0.000000 0.000000 2.103320 0.000000 0.536175 0.000000 -2741.583984 -3.135892 -75.171799 1.000000
obj rock3.003h.obstacle
mesh rock3
matrix 0.536175 0.000000 -2.103320 0.000000 0.000000 2.170585 0.000000 0.000000 2.103320 0.000000 0.536175 0.000000 -2701.372803 -0.854157 -104.907837 1.000000
obj rock3.003h.obstacle.001
mesh rock1
matrix 1.043743 0.000000 -4.094421 0.000000 0.000000 4.225362 0.000000 0.000000 4.094421 0.000000 1.043743 0.000000 -2581.757812 -4.175660 -86.395294 1.000000
obj rock3.004
mesh rock3
matrix 4.013865 0.000000 0.000000 0.000000 0.000000 2.793134 -2.882623 0.000000 0.000000 2.882623 2.793134 0.000000 -3166.610107 4.681222 26.035370 1.000000
obj rock3.005.obstacle
mesh rock3
matrix 1.000000 0.000000 0.000000 0.000000 0.000000 1.000000 0.000000 0.000000 0.000000 0.000000 1.000000 0.000000 -3142.026855 -1.717624 -0.840368 1.000000
obj tile0
mesh tile0
matrix 1.272610 0.000000 0.000000 0.000000 0.000000 1.272610 0.000000 0.000000 0.000000 0.000000 1.272610 0.000000 -3186.377930 -0.127055 -19.677959 1.000000
obj tile0.001
mesh tile0
matrix 1.272329 0.000000 -0.026758 0.000000 0.000000 1.272610 0.000000 0.000000 0.026758 0.000000 1.272329 0.000000 -3093.778320 -0.562186 -20.821007 1.000000
obj tile0.002
mesh tile0
matrix 1.266216 0.000000 -0.127416 0.000000 0.000000 1.272610 0.000000 0.000000 0.127416 0.000000 1.266216 0.000000 -2997.578613 -1.008762 -25.528751 1.000000
obj tile0.003
mesh tile0
matrix -1.271004 0.000000 0.063931 0.000000 0.000000 1.272610 0.000000 0.000000 -0.063931 0.000000 -1.271004 0.000000 -3089.711426 -0.571098 19.919340 1.000000
obj tile0.004
mesh tile0
matrix -1.272587 0.000000 -0.007644 0.000000 0.000000 1.272610 0.000000 0.000000 0.007644 0.000000 -1.272587 0.000000 -3186.776855 -0.352276 22.149769 1.000000
obj tile0.005
mesh tile0
matrix -1.233349 0.000000 -0.313666 0.000000 0.000000 1.272610 0.000000 0.000000 0.313666 0.000000 -1.233349 0.000000 -2557.912109 -0.378771 -71.102356 1.000000
obj tile0.006
mesh tile0
matrix 1.168149 0.000000 0.504940 0.000000 0.000000 1.272610 0.000000 0.000000 -0.504940 0.000000 1.168149 0.000000 -2482.654053 -0.259979 -93.465385 1.000000
obj tile0.007
mesh tile0
matrix 1.272028 0.000000 -0.038489 0.000000 0.000000 1.272610 0.000000 0.000000 0.038489 0.000000 1.272028 0.000000 -2129.186279 -11.111732 4.059149 1.000000
obj tile0.008
mesh tile0
matrix -1.261899 0.000000 0.164771 0.000000 0.000000 1.272610 0.000000 0.000000 -0.164771 0.000000 -1.261899 0.000000 -2020.836060 -12.137873 38.624020 1.000000
obj tile1
mesh tile1
matrix 1.249956 0.029803 -0.237188 0.000000 -0.032537 1.272141 -0.011620 0.000000 0.236828 0.017477 1.250258 0.000000 -2903.131592 2.115585 -40.363472 1.000000
obj tile1.001
mesh tile1
matrix -1.264635 -0.030153 0.139021 0.000000 -0.029042 1.272225 0.011756 0.000000 -0.139257 0.008510 -1.264940 0.000000 -2995.503418 2.117012 14.742716 1.000000
obj tile1.002
mesh tile1
matrix -1.120180 -0.026709 -0.603340 0.000000 -0.035939 1.272060 0.010414 0.000000 0.602861 0.026205 -1.120450 0.000000 -2467.216797 0.431704 -42.219177 1.000000
obj tile1.003
mesh tile1
matrix 1.261447 0.030077 0.165483 0.000000 -0.028796 1.272231 -0.011727 0.000000 -0.165711 0.007879 1.261751 0.000000 -2560.768555 1.023842 -116.813141 1.000000
obj tile1.004
mesh tile1
matrix 1.263486 0.030126 -0.149105 0.000000 -0.031719 1.272161 -0.011746 0.000000 0.148775 0.015378 1.263791 0.000000 -2041.018433 -10.307758 0.438685 1.000000
obj tile1.005
mesh tile1
matrix -1.271260 -0.030311 0.050153 0.000000 -0.029867 1.272205 0.011818 0.000000 -0.050418 0.010628 -1.271567 0.000000 -2115.324219 -9.861513 45.848667 1.000000
obj tile1.006
mesh tile1
matrix -1.243087 -0.029639 0.270912 0.000000 -0.027816 1.272254 0.011556 0.000000 -0.271105 0.005367 -1.243387 0.000000 -2901.706299 1.185192 0.522997 1.000000
obj tile1.007
mesh tile1
matrix 1.256748 0.019649 -0.199340 0.000000 -0.022329 1.272322 -0.015364 0.000000 0.199058 0.018670 1.256807 0.000000 -1955.010132 -9.555216 -11.439742 1.000000
obj tile2
mesh tile2
matrix -1.178560 0.000000 0.480139 0.000000 0.000000 1.272610 0.000000 0.000000 -0.480139 0.000000 -1.178560 0.000000 -2808.570557 -3.196846 -24.342255 1.000000
obj tile2.001
mesh tile2
matrix 1.168721 0.000000 -0.503615 0.000000 0.000000 1.272610 0.000000 0.000000 0.503615 0.000000 1.168721 0.000000 -2813.796631 -3.841361 -68.896286 1.000000
obj tile2.002
mesh tile2
matrix 1.268675 0.000000 -0.100009 0.000000 0.000000 1.272610 0.000000 0.000000 0.100009 0.000000 1.268675 0.000000 -2653.425781 0.068636 -119.328705 1.000000
obj tile2.003
mesh tile2
matrix -1.265504 0.000000 0.134298 0.000000 0.000000 1.272610 0.000000 0.000000 -0.134298 0.000000 -1.265504 0.000000 -2644.758545 0.302756 -74.747368 1.000000
obj tile2.004
mesh tile2
matrix -1.148979 0.038615 0.545795 0.000000 0.034043 1.272023 -0.018331 0.000000 -0.546100 -0.001950 -1.149482 0.000000 -2725.365723 -3.416444 -58.825314 1.000000
obj tile2.005
mesh tile2
matrix 1.199026 0.000000 -0.426468 0.000000 0.000000 1.272610 0.000000 0.000000 0.426468 0.000000 1.199026 0.000000 -2733.574219 -1.690289 -102.803215 1.000000
obj tile2.006
mesh tile2
matrix -1.164399 -0.124019 -0.498329 0.000000 -0.134782 1.265453 0.000000 0.000000 0.495526 0.052778 -1.170985 0.000000 -2389.630371 -6.689977 -3.319842 1.000000
obj tile2.007
mesh tile2
matrix 1.162828 -0.057366 0.513884 0.000000 0.062706 1.271065 0.000000 0.000000 -0.513260 0.025321 1.164243 0.000000 -2399.651367 -5.861470 -50.711929 1.000000
obj tile2.008
mesh tile2
matrix 1.231954 -0.042791 0.316219 0.000000 0.042793 1.271879 0.005396 0.000000 -0.316219 0.005410 1.232685 0.000000 -2316.261719 -12.595563 -18.961859 1.000000
obj tile2.009
mesh tile2
matrix -1.237001 -0.012398 -0.298683 0.000000 -0.011447 1.272547 -0.005412 0.000000 0.298721 -0.002574 -1.237051 0.000000 -2304.069824 -12.595563 25.835827 1.000000
obj tile2.010
mesh tile2
matrix -1.265003 -0.012678 -0.138361 0.000000 -0.012149 1.272540 -0.005534 0.000000 0.138408 -0.004180 -1.265054 0.000000 -2209.778809 -12.595563 42.101334 1.000000
obj tile2.011
mesh tile2
matrix 1.261917 0.036267 0.160584 0.000000 -0.016167 1.262645 -0.158121 0.000000 -0.163833 0.154753 1.252496 0.000000 -2224.527100 -12.595563 -0.371340 1.000000
obj treeline0
mesh treeline0
matrix 0.832615 0.000000 0.553852 0.000000 -0.553852 0.000000 0.832615 0.000000 -0.000000 -1.000000 0.000000 0.000000 -2717.624756 15.586392 -151.998337 1.000000
obj treeline0.001
mesh treeline0
matrix -0.113614 0.000000 0.993525 0.000000 -0.993525 0.000000 -0.113614 0.000000 -0.000000 -1.000000 -0.000000 0.000000 -2843.063232 15.586392 47.397900 1.000000
obj treeline0.002
mesh treeline0
matrix -0.509120 0.000000 0.860695 0.000000 -0.860695 0.000000 -0.509120 0.000000 -0.000000 -1.000000 -0.000000 0.000000 -2251.403564 -1.158577 93.529404 1.000000
obj treeline0.003
mesh treeline0
matrix 0.534157 0.000000 0.845386 0.000000 -0.845386 0.000000 0.534157 0.000000 -0.000000 -1.000000 0.000000 0.000000 -2046.500977 -0.395675 -62.887825 1.000000
obj treeline1
mesh treeline1
matrix 0.921089 0.000000 0.389352 0.000000 -0.389352 0.000000 0.921089 0.000000 -0.000000 -1.000000 0.000000 0.000000 -2898.584473 15.244746 -90.482437 1.000000
obj treeline1.001
mesh treeline1
matrix -0.338496 0.000000 0.940968 0.000000 -0.940968 0.000000 -0.338496 0.000000 -0.000000 -1.000000 -0.000000 0.000000 -2651.333008 15.244746 -24.500519 1.000000
obj treeline1.002
mesh treeline1
matrix -0.692985 0.000000 0.720952 0.000000 -0.720952 0.000000 -0.692985 0.000000 -0.000000 -1.000000 -0.000000 0.000000 -2047.023438 -2.263125 106.121582 1.000000
obj treeline1.003
mesh treeline1
matrix 0.682053 0.000000 0.731303 0.000000 -0.731303 0.000000 0.682053 0.000000 -0.000000 -1.000000 0.000000 0.000000 -2245.832275 -0.737321 -55.005299 1.000000
obj treeline2
mesh treeline2
matrix 0.922871 0.000000 0.385108 0.000000 -0.385108 0.000000 0.922871 0.000000 -0.000000 -1.000000 0.000000 0.000000 -2811.211426 15.586394 -128.610916 1.000000
obj treeline2.001
mesh treeline2
matrix -0.178289 0.000000 0.983978 0.000000 -0.983978 0.000000 -0.178289 0.000000 -0.000000 -1.000000 -0.000000 0.000000 -2945.350830 15.586394 68.609940 1.000000
obj treeline2.002
mesh treeline2
matrix -0.564271 0.000000 0.825590 0.000000 -0.825590 0.000000 -0.564271 0.000000 -0.000000 -1.000000 -0.000000 0.000000 -2353.444092 -1.158575 71.158173 1.000000
obj treeline2.003
mesh treeline2
matrix 0.685411 0.000000 0.728156 0.000000 -0.728156 0.000000 0.685411 0.000000 -0.000000 -1.000000 0.000000 0.000000 -2150.506104 -0.395673 -54.163876 1.000000
obj treeline3
mesh treeline3
matrix 0.689919 0.000000 0.723886 0.000000 -0.723886 0.000000 0.689919 0.000000 -0.000000 -1.000000 0.000000 0.000000 -2985.923340 16.269657 -80.469086 1.000000
obj treeline3.001
mesh treeline3
matrix -0.531629 0.000000 0.846977 0.000000 -0.846977 0.000000 -0.531629 0.000000 -0.000000 -1.000000 -0.000000 0.000000 -2749.547852 16.269657 0.014397 1.000000
obj treeline3.002
mesh treeline3
matrix -0.830957 0.000000 0.556337 0.000000 -0.556337 0.000000 -0.830957 0.000000 -0.000000 -1.000000 -0.000000 0.000000 -2146.693115 -1.238214 88.427597 1.000000
obj treeline3.003
mesh treeline3
matrix 0.334500 0.000000 0.942396 0.000000 -0.942396 0.000000 0.334500 0.000000 -0.000000 -1.000000 0.000000 0.000000 -2329.655518 0.287590 -81.500900 1.000000
obj trunk1
mesh trunk1
matrix 1.000000 0.000000 0.000000 0.000000 0.000000 1.000000 0.000000 0.000000 0.000000 0.000000 1.000000 0.000000 -3170.431396 3.111284 -17.106911 1.000000
obj trunk1.001
mesh trunk1
matrix 0.955539 0.000000 -0.294864 0.000000 0.000000 1.000000 0.000000 0.000000 0.294864 0.000000 0.955539 0.000000 -3122.654541 -0.021251 17.010668 1.000000
obj trunk1.002
mesh trunk1
matrix 0.294371 0.000000 0.955691 0.000000 0.000000 1.000000 0.000000 0.000000 -0.955691 0.000000 0.294371 0.000000 -3075.022461 1.371650 -20.890413 1.000000
obj trunk1.003
mesh trunk1
matrix 1.000000 0.000000 0.000000 0.000000 0.000000 1.000000 0.000000 0.000000 0.000000 0.000000 1.000000 0.000000 -3067.444336 -0.021251 10.751680 1.000000
obj trunk1.004
mesh trunk1
matrix 0.549963 0.000000 0.835189 0.000000 0.000000 1.000000 0.000000 0.000000 -0.835189 0.000000 0.549963 0.000000 -3039.743652 -0.021251 18.929398 1.000000
obj trunk1.005
mesh trunk1
matrix 0.005475 0.000000 0.999985 0.000000 0.000000 1.000000 0.000000 0.000000 -0.999985 0.000000 0.005475 0.000000 -2954.078125 -0.021251 -30.146704 1.000000
obj trunk1.006
mesh trunk1
matrix 1.000000 0.000000 0.000000 0.000000 0.000000 1.000000 0.000000 0.000000 0.000000 0.000000 1.000000 0.000000 -2935.396729 -0.021251 3.542782 1.000000
obj trunk1.007
mesh trunk1
matrix 1.000000 0.000000 0.000000 0.000000 0.000000 1.000000 0.000000 0.000000 0.000000 0.000000 1.000000 0.000000 -2859.345703 -2.424002 -9.162373 1.000000
obj trunk1.008
mesh trunk1
matrix 1.000000 0.000000 0.000000 0.000000 0.000000 1.000000 0.000000 0.000000 0.000000 0.000000 1.000000 0.000000 -2827.429688 -0.021251 -60.228130 1.000000
obj trunk1.009
mesh trunk1
matrix 0.922155 0.000000 0.386821 0.000000 0.000000 1.000000 0.000000 0.000000 -0.386821 0.000000 0.922155 0.000000 -2779.978027 -0.021251 -80.829391 1.000000
obj trunk1.010
mesh trunk1
matrix 1.000000 0.000000 0.000000 0.000000 0.000000 1.000000 0.000000 0.000000 0.000000 0.000000 1.000000 0.000000 -2744.414062 -0.021251 -99.719597 1.000000
obj trunk1.011
mesh trunk1
matrix 1.000000 0.000000 0.000000 0.000000 0.000000 1.000000 0.000000 0.000000 0.000000 0.000000 1.000000 0.000000 -2730.715820 6.594368 -43.610195 1.000000
obj trunk1.012
mesh trunk1
matrix 0.893005 0.000000 -0.450047 0.000000 0.000000 1.000000 0.000000 0.000000 0.450047 0.000000 0.893005 0.000000 -2676.388916 -0.021251 -76.755096 1.000000
obj trunk1.013
mesh trunk1
matrix 1.000000 0.000000 0.000000 0.000000 0.000000 1.000000 0.000000 0.000000 0.000000 0.000000 1.000000 0.000000 -2616.916504 -0.021251 -81.806740 1.000000
obj trunk1.014
mesh trunk1
matrix 1.000000 0.000000 0.000000 0.000000 0.000000 1.000000 0.000000 0.000000 0.000000 0.000000 1.000000 0.000000 -2623.765625 -0.021251 -120.793556 1.000000
obj trunk1.015
mesh trunk1
matrix 1.321055 0.000000 0.000000 0.000000 0.000000 1.321055 0.000000 0.000000 0.000000 0.000000 1.321055 0.000000 -2278.917725 -11.405132 31.437658 1.000000
obj trunk1.016
mesh trunk1
matrix 1.321055 0.000000 0.000000 0.000000 0.000000 1.321055 0.000000 0.000000 0.000000 0.000000 1.321055 0.000000 -2200.473145 -11.405131 -0.409550 1.000000
obj water1
mesh water1
matrix 0.999999 -0.001260 0.000000 0.000000 0.001260 0.999999 0.000000 0.000000 0.000000 0.000000 1.000000 0.000000 -3192.282227 -3.093274 3.815483 1.000000
obj water1.001
mesh water1
matrix 0.996688 -0.001256 -0.081310 0.000000 0.001260 0.999999 0.000000 0.000000 0.081310 -0.000102 0.996689 0.000000 -3090.936768 -3.117646 2.193934 1.000000
obj water1.002
mesh water1
matrix 0.981740 -0.001237 -0.190225 0.000000 0.001260 0.999999 0.000000 0.000000 0.190225 -0.000240 0.981740 0.000000 -2907.171387 -3.117646 -19.682775 1.000000
obj water1.003
mesh water1
matrix 0.997276 -0.001257 -0.073753 0.000000 0.001260 0.999999 0.000000 0.000000 0.073753 -0.000093 0.997277 0.000000 -2655.595703 -3.086979 -96.912758 1.000000
obj water1.004
mesh water1
matrix 0.964519 -0.001216 0.264010 0.000000 0.001260 0.999999 0.000000 0.000000 -0.264010 0.000333 0.964520 0.000000 -2540.337402 -2.760302 -88.464737 1.000000
obj water1.005
mesh water1
matrix 0.996688 -0.001256 -0.081310 0.000000 0.001260 0.999999 0.000000 0.000000 0.081310 -0.000102 0.996689 0.000000 -2998.465820 -3.117646 -3.488630 1.000000
obj water1.006
mesh water1
matrix 0.999618 -0.001260 0.027619 0.000000 0.001260 0.999999 0.000000 0.000000 -0.027619 0.000035 0.999619 0.000000 -2213.336670 -12.753840 21.798296 1.000000
obj water1.007
mesh water1
matrix 0.998619 -0.001259 -0.052516 0.000000 0.001260 0.999999 0.000000 0.000000 0.052516 -0.000066 0.998620 0.000000 -2104.777344 -13.542935 21.799305 1.000000
obj water1.008
mesh water1
matrix 0.991850 -0.001250 -0.127401 0.000000 0.001260 0.999999 0.000000 0.000000 0.127401 -0.000161 0.991851 0.000000 -1996.098145 -13.812152 12.822507 1.000000
obj water2
mesh water2
matrix 0.961652 0.000000 0.274273 0.000000 0.000000 1.000000 0.000000 0.000000 -0.274273 0.000000 0.961652 0.000000 -2355.531494 -0.735304 -5.890231 1.000000
obj water3
mesh water3
matrix 0.920102 -0.044635 -0.389127 0.000000 0.056192 0.998251 0.018361 0.000000 0.387627 -0.038760 0.921001 0.000000 -2825.822754 -3.697741 -39.099243 1.000000
obj water3.001
mesh water3
matrix 0.921061 0.022228 -0.388783 0.000000 -0.028288 0.999551 -0.009869 0.000000 0.388389 0.020088 0.921277 0.000000 -2776.602295 -4.529583 -60.488392 1.000000
obj water3.002
mesh water3
matrix 0.920770 0.030803 -0.388887 0.000000 -0.039122 0.999143 -0.013491 0.000000 0.388138 0.027636 0.921187 0.000000 -2725.970703 -2.842734 -83.313347 1.000000
